1 0 2
1 3 457
2 4 458
5 6 461
8 7 464
11 9 467
14 10 470
17 12 473
19 13 475
20 15 476
23 16 479
24 18 480
27 21 483
28 22 484
30 25 486
31 26 487
33 29 489
34 32 490
36 35 492
37 39 493
38 40 494
41 43 497
42 44 498
45 47 501
46 50 502
48 53 504
49 57 505
51 58 507
52 60 508
54 61 510
55 63 511
56 64 512
59 66 515
62 67 518
65 69 521
68 70 524
71 72 527
73 75 529
74 76 530
77 79 533
78 80 534
81 83 537
82 86 538
84 89 540
85 93 541
87 94 543
88 97 544
90 98 546
91 101 547
92 104 548
95 107 551
96 111 552
99 112 555
100 115 556
102 116 558
103 119 559
105 122 561
106 125 562
108 129 564
109 130 565
110 132 566
113 133 569
114 135 570
117 136 573
118 138 574
120 139 576
121 141 577
123 142 579
124 144 580
126 147 582
127 148 583
128 151 584
131 152 587
134 155 590
137 158 593
140 161 596
143 165 599
145 166 601
146 169 602
149 170 605
150 173 606
153 176 609
154 179 610
156 183 612
157 184 613
159 187 615
160 188 616
162 191 618
163 194 619
164 197 620
167 201 623
168 202 624
171 204 627
172 205 628
174 207 630
175 208 631
177 210 633
178 211 634
180 213 636
181 214 637
182 216 638
185 219 641
186 220 642
189 223 645
190 224 646
192 227 648
193 230 649
195 233 651
196 237 652
198 238 654
199 241 655
200 242 656
203 245 659
206 248 662
209 251 665
212 255 668
215 256 671
217 259 673
218 260 674
221 263 677
222 266 678
225 269 681
226 273 682
228 274 684
229 276 685
231 277 687
232 279 688
234 280 690
235 282 691
236 283 692
239 285 695
240 286 696
243 288 699
244 291 700
246 292 702
247 295 703
249 296 705
250 299 706
252 302 708
253 305 709
254 309 710
257 310 713
258 313 714
261 314 717
262 317 718
264 320 720
265 323 721
267 327 723
268 328 724
270 331 726
271 332 727
272 335 728
275 338 731
278 341 734
281 345 737
284 346 740
287 348 743
289 349 745
290 351 746
293 352 749
294 354 750
297 355 753
298 357 754
300 358 756
301 360 757
303 363 759
304 364 760
306 366 762
307 367 763
308 369 764
311 370 767
312 372 768
315 373 771
316 375 772
318 376 774
319 378 775
321 381 777
322 382 778
324 385 780
325 386 781
326 389 782
329 392 785
330 395 786
333 399 789
334 400 790
336 403 792
337 404 793
339 407 795
340 410 796
342 413 798
343 417 799
344 418 800
347 420 803
350 421 806
353 423 809
356 424 812
359 426 815
361 427 817
362 429 818
365 430 821
368 432 824
371 433 827
374 434 830
377 435 833
379 436 835
380 437 836
383 438 839
384 439 840
387 440 843
388 441 844
390 442 846
391 443 847
393 444 849
394 445 850
396 446 852
397 447 853
398 448 854
401 449 857
402 450 858
405 451 861
406 452 862
408 453 864
409 454 865
411 455 867
412 456 868
414 913 870
415 914 871
416 917 872
419 920 875
422 923 878
425 926 881
428 929 884
431 931 887
459 932 915
460 935 916
462 936 918
463 939 919
465 940 921
466 942 922
468 943 924
469 945 925
471 946 927
472 948 928
474 949 930
477 950 933
478 953 934
481 954 937
482 957 938
485 958 941
488 960 944
491 961 947
495 963 951
496 964 952
499 966 955
500 967 956
503 968 959
506 971 962
509 974 965
513 977 969
514 980 970
516 983 972
517 985 973
519 986 975
520 989 976
522 990 978
523 993 979
525 994 981
526 996 982
528 997 984
531 999 987
532 1000 988
535 1002 991
536 1003 992
539 1004 995
542 1007 998
545 1008 1001
549 1011 1005
550 1012 1006
553 1014 1009
554 1015 1010
557 1017 1013
560 1018 1016
563 1020 1019
567 1021 1023
568 1022 1024
571 1025 1027
572 1026 1028
575 1029 1031
578 1030 1034
581 1032 1037
585 1033 1041
586 1035 1042
588 1036 1044
589 1038 1045
591 1039 1047
592 1040 1048
594 1043 1050
595 1046 1051
597 1049 1053
598 1052 1054
600 1055 1056
603 1057 1059
604 1058 1060
607 1061 1063
608 1062 1064
611 1065 1067
614 1066 1070
617 1068 1073
621 1069 1077
622 1071 1078
625 1072 1081
626 1074 1082
629 1075 1085
632 1076 1088
635 1079 1091
639 1080 1095
640 1083 1096
643 1084 1099
644 1086 1100
647 1087 1103
650 1089 1106
653 1090 1109
657 1092 1113
658 1093 1114
660 1094 1116
661 1097 1117
663 1098 1119
664 1101 1120
666 1102 1122
667 1104 1123
669 1105 1125
670 1107 1126
672 1108 1128
675 1110 1131
676 1111 1132
679 1112 1135
680 1115 1136
683 1118 1139
686 1121 1142
689 1124 1145
693 1127 1149
694 1129 1150
697 1130 1153
698 1133 1154
701 1134 1157
704 1137 1160
707 1138 1163
711 1140 1167
712 1141 1168
715 1143 1171
716 1144 1172
719 1146 1175
722 1147 1178
725 1148 1181
729 1151 1185
730 1152 1186
732 1155 1188
733 1156 1189
735 1158 1191
736 1159 1192
738 1161 1194
739 1162 1195
741 1164 1197
742 1165 1198
744 1166 1200
747 1169 1203
748 1170 1204
751 1173 1207
752 1174 1208
755 1176 1211
758 1177 1214
761 1179 1217
765 1180 1221
766 1182 1222
769 1183 1225
770 1184 1226
773 1187 1229
776 1190 1232
779 1193 1235
783 1196 1239
784 1199 1240
787 1201 1243
788 1202 1244
791 1205 1247
794 1206 1250
797 1209 1253
801 1210 1257
802 1212 1258
804 1213 1260
805 1215 1261
807 1216 1263
808 1218 1264
810 1219 1266
811 1220 1267
813 1223 1269
814 1224 1270
816 1227 1272
819 1228 1275
820 1230 1276
822 1231 1278
823 1233 1279
825 1234 1281
826 1236 1282
828 1237 1284
829 1238 1285
831 1241 1287
832 1242 1288
834 1245 1290
837 1246 1293
838 1248 1294
841 1249 1297
842 1251 1298
845 1252 1301
848 1254 1304
851 1255 1307
855 1256 1311
856 1259 1312
859 1262 1315
860 1265 1316
863 1268 1319
866 1271 1322
869 1273 1325
873 1274 1329
874 1277 1330
876 1280 1332
877 1283 1333
879 1286 1335
880 1289 1336
882 1291 1338
883 1292 1339
885 1295 1341
886 1296 1342
888 1299 1344
889 1300 1345
890 1302 1346
891 1303 1347
892 1305 1348
893 1306 1349
894 1308 1350
895 1309 1351
896 1310 1352
897 1313 1353
898 1314 1354
899 1317 1355
900 1318 1356
901 1320 1357
902 1321 1358
903 1323 1359
904 1324 1360
905 1326 1361
906 1327 1362
907 1328 1363
908 1331 1364
909 1334 1365
910 1337 1366
911 1340 1367
912 1343 1368
