1 0 2
1 3 195
2 7 216
4 9 235
5 10 242
6 12 260
8 13 294
11 14 305
15 16 311
17 19 330
18 23 332
20 25 338
21 26 347
22 28 355
24 29 361
27 30 363
31 32 371
33 35 382
34 39 392
36 41 398
37 42 406
38 44 410
40 45 420
43 46 422
47 48 432
49 51 440
50 55 442
52 57 452
53 58 465
54 60 468
56 61 469
59 62 471
63 64 472
65 67 473
66 71 475
68 73 478
69 74 482
70 76 484
72 77 485
75 78 487
79 80 488
81 83 489
82 87 491
84 89 494
85 90 498
86 92 500
88 93 501
91 94 503
95 96 504
97 99 505
98 103 507
100 105 510
101 106 514
102 108 516
104 109 517
107 110 519
111 112 520
113 115 521
114 119 523
116 121 526
117 122 530
118 124 532
120 125 533
123 126 535
127 128 536
129 131 537
130 135 539
132 139 542
133 143 546
134 147 548
136 151 549
137 155 551
138 159 552
140 163 553
141 167 555
142 171 558
144 175 562
145 179 564
146 183 565
148 187 567
149 191 568
150 193 569
152 194 571
153 197 574
154 199 578
156 201 580
157 203 581
158 204 583
160 206 584
161 208 585
162 209 587
164 211 590
165 213 594
166 214 596
168 217 597
169 219 599
170 220 600
172 221 601
173 223 603
174 225 604
176 226 605
177 228 607
178 230 608
180 232 609
181 233 611
182 236 612
184 238 613
185 239 615
186 240 616
188 243 617
189 245 619
190 247 620
192 248 621
196 250 623
198 251 624
200 253 625
202 255 627
205 258 628
207 261 629
210 263 631
212 265 632
215 266 633
218 268 635
222 270 636
224 272 637
227 274 639
229 276 640
231 277 641
234 279 643
237 281 644
241 283 645
244 285 647
246 287 648
249 288 649
252 290 651
254 292 652
256 295 653
257 297 655
259 298 656
262 300 657
264 301 659
267 303 663
269 306 665
271 308 667
273 310 669
275 313 672
278 316 674
280 318 677
282 320 679
284 322 682
286 323 685
289 325 689
291 326 691
293 328 694
296 331 696
299 334 698
302 337 701
304 340 704
307 342 708
309 343 711
312 345 713
314 348 716
315 350 719
317 352 721
319 354 723
321 357 724
324 360 726
327 364 729
329 366 731
333 368 734
335 370 736
336 373 738
339 376 740
341 378 742
344 380 745
346 383 747
349 385 749
351 387 751
353 388 753
356 390 756
358 393 758
359 395 760
362 397 763
365 401 766
367 403 769
369 405 771
372 408 774
374 411 776
375 413 779
377 414 781
379 416 782
381 419 784
384 423 786
386 425 788
389 427 791
391 429 794
394 431 796
396 434 800
399 437 802
400 439 803
402 443 806
404 445 808
407 447 811
409 449 813
412 451 816
415 454 818
417 457 820
418 459 823
421 461 825
424 463 826
426 466 829
428 662 832
430 683 834
433 702 836
435 709 839
436 727 841
438 761 842
441 772 844
444 778 846
446 797 848
448 799 851
450 805 853
453 814 856
455 822 858
456 828 861
458 830 863
460 838 866
462 849 867
464 859 869
467 865 871
470 873 874
474 877 876
476 887 879
477 889 882
479 899 884
480 907 885
481 909 888
483 919 891
486 932 893
490 935 895
492 936 897
493 938 900
495 939 902
496 940 903
497 942 905
499 945 908
502 949 911
506 951 913
508 952 915
509 954 917
511 955 920
512 956 922
513 958 923
515 961 925
518 965 927
522 967 929
524 968 931
525 970 934
527 971 937
528 972 941
529 974 943
531 977 944
534 981 946
538 983 947
540 984 948
541 986 950
543 987 953
544 988 957
545 990 959
547 993 960
550 997 962
554 999 963
556 1000 964
557 1002 966
559 1003 969
560 1004 973
561 1006 975
563 1009 976
566 1013 978
570 1015 979
572 1016 980
573 1018 982
575 1019 985
576 1020 989
577 1022 991
579 1025 992
582 1029 994
586 1031 995
588 1032 996
589 1034 998
591 1035 1001
592 1036 1005
593 1038 1007
595 1041 1008
598 1045 1010
602 1047 1011
606 1048 1012
610 1050 1014
614 1051 1017
618 1052 1021
622 1054 1023
626 1057 1024
630 1061 1026
634 1063 1027
638 1064 1028
642 1066 1030
646 1067 1033
650 1068 1037
654 1070 1039
658 1071 1040
660 1072 1042
661 1074 1043
664 1075 1044
666 1076 1046
668 1078 1049
670 1079 1053
671 1080 1055
673 1082 1056
675 1083 1058
676 1084 1059
678 1086 1060
680 1087 1062
681 1088 1065
684 1090 1069
686 1091 1073
687 1092 1077
688 1094 1081
690 1095 1085
692 1096 1089
693 1098 1093
695 1099 1097
697 1100 1101
699 1102 1105
700 1103 1109
703 1104 1113
705 1106 1117
706 1107 1121
707 1108 1125
710 1110 1127
712 1111 1128
714 1112 1131
715 1114 1133
717 1115 1135
718 1116 1137
720 1118 1138
722 1119 1140
725 1120 1142
728 1122 1143
730 1123 1145
732 1124 1147
733 1126 1148
735 1130 1151
737 1132 1153
739 1134 1154
741 1136 1155
743 1139 1157
744 1141 1159
746 1144 1160
748 1146 1162
750 1149 1164
752 1152 1166
754 1156 1167
755 1158 1170
757 1161 1172
759 1163 1173
762 1165 1174
764 1168 1177
765 1171 1179
767 1175 1181
768 1178 1182
770 1180 1184
773 1183 1185
775 1186 1187
777 1188 1189
780 1190 1192
783 1191 1195
785 1193 1197
787 1196 1199
789 1198 1200
790 1201 1202
792 1203 1204
793 1205 1206
795 1207 1208
798 1209 1210
801 1212 1211
804 1214 1213
807 1216 1215
809 1218 1217
810 1220 1219
812 1223 1221
815 1225 1222
817 1227 1224
819 1230 1226
821 1233 1229
824 1236 1231
827 1238 1232
831 1241 1234
833 1243 1235
835 1246 1237
837 1248 1240
840 1249 1242
843 1251 1244
845 1253 1247
847 1255 1250
850 1258 1252
852 1261 1254
854 1263 1256
855 1267 1257
857 1269 1259
860 1270 1260
862 1273 1262
864 1275 1265
868 1278 1268
870 1280 1271
872 1283 1274
875 1285 1276
878 1287 1277
880 1290 1279
881 1292 1282
883 1293 1284
886 1296 1286
890 1299 1288
892 1301 1291
894 1303 1294
896 1306 1298
898 1308 1300
901 1309 1302
904 1311 1304
906 1313 1307
910 1315 1310
912 1318 1312
914 1320 1314
916 1323 1317
918 1325 1319
921 1328 1321
924 1330 1322
926 1333 1324
928 1334 1327
930 1336 1329
933 1338 1331
1129 1341 1335
1150 1343 1337
1169 1346 1339
1176 1349 1342
1194 1351 1345
1228 1352 1347
1239 1355 1348
1245 1358 1350
1264 1360 1353
1266 1362 1357
1272 1364 1359
1281 1367 1361
1289 1369 1363
1295 1370 1365
1297 1372 1368
1305 1375 1371
1316 1378 1373
1326 1380 1377
1332 1382 1379
1340 1384 1381
1344 1387 1383
1354 1389 1385
1356 1390 1388
1366 1392 1391
1374 1394 1393
1376 1396 1395
1386 1398 1397
1399 1401 1400
